0 0.010312 0.520000 0.020624 0.062500
0 0.146876 0.678436 0.092500 0.078124
0 0.244376 0.222500 0.051248 0.060000
0 0.318436 0.317812 0.053124 0.056876
1 0.027500 0.625312 0.055000 0.090624
0 0.620936 0.410000 0.050624 0.038748
0 0.180624 0.166876 0.042500 0.045000
0 0.457188 0.237812 0.076876 0.076876
1 0.483752 0.593436 0.090000 0.080624
1 0.545000 0.420624 0.111252 0.106248
2 0.660000 0.260936 0.070000 0.038124
1 0.640312 0.174376 0.115624 0.091248
2 0.391564 0.424064 0.043124 0.038124
2 0.435000 0.465000 0.097500 0.063752
1 0.392188 0.302812 0.080624 0.065624
1 0.707812 0.572812 0.186876 0.154376
