0 0.724064 0.071876 0.119376 0.095000
1 0.488124 0.228124 0.085000 0.086248
1 0.678436 0.253436 0.108124 0.119376
1 0.436252 0.130936 0.178748 0.126876
1 0.318748 0.240624 0.050000 0.036248
0 0.004688 0.419376 0.009376 0.057500
0 0.043436 0.729376 0.070624 0.052500
0 0.040936 0.679688 0.061876 0.045624
0 0.279064 0.931564 0.058124 0.068124
0 0.340312 0.993751 0.103124 0.012498
2 0.691876 0.792812 0.072500 0.051876
0 0.825936 0.558436 0.071876 0.045624
0 0.052188 0.994063 0.088124 0.011874
0 0.871248 0.033124 0.092500 0.066248
0 0.808436 0.075936 0.046876 0.045624
1 0.450312 0.719376 0.108124 0.075000
