0 0.064688 0.506564 0.081876 0.068124
0 0.368748 0.322188 0.083752 0.065624
0 0.672500 0.124064 0.058748 0.071876
0 0.744064 0.071248 0.074376 0.057500
0 0.871876 0.270624 0.052500 0.043748
0 0.369376 0.742188 0.132500 0.086876
0 0.620000 0.668752 0.052500 0.032500
0 0.180000 0.107188 0.068752 0.041876
0 0.189064 0.149688 0.048124 0.036876
0 0.509064 0.353124 0.086876 0.065000
0 0.510624 0.415000 0.117500 0.057500
0 0.689688 0.850312 0.109376 0.059376
0 0.309688 0.984063 0.140624 0.031874
1 0.451876 0.908748 0.075000 0.112500
1 0.901876 0.141564 0.058748 0.053124
0 0.448436 0.801252 0.044376 0.028752
1 0.736248 0.457188 0.120000 0.078124
2 0.634064 0.789064 0.049376 0.045624
