0 0.827812 0.105312 0.071876 0.059376
0 0.225936 0.555936 0.091876 0.059376
0 0.359064 0.621876 0.055624 0.111252
0 0.929688 0.500000 0.085624 0.046248
0 0.521252 0.834376 0.142500 0.172500
0 0.911248 0.314376 0.063752 0.067500
0 0.807812 0.323124 0.088124 0.082500
0 0.839688 0.205936 0.085624 0.055624
1 0.760624 0.510624 0.123748 0.116252
1 0.011875 0.947812 0.023750 0.098124
1 0.691876 0.943750 0.153748 0.112500
1 0.761876 0.850312 0.097500 0.066876
2 0.653752 0.344688 0.066252 0.061876
1 0.767500 0.754064 0.087500 0.103124
