0 0.846248 0.189376 0.062500 0.067500
0 0.504376 0.022812 0.123748 0.045624
2 0.263436 0.016249 0.066876 0.032498
1 0.429688 0.371248 0.051876 0.056252
1 0.472188 0.408124 0.064376 0.061248
0 0.861564 0.080312 0.094376 0.089376
0 0.925312 0.086876 0.035624 0.036248
0 0.970936 0.064064 0.044376 0.045624
0 0.390000 0.703124 0.168752 0.062500
0 0.724064 0.871876 0.119376 0.095000
1 0.488124 0.992500 0.085000 0.015000
1 0.436252 0.930936 0.178748 0.126876
0 0.871248 0.823124 0.092500 0.086248
0 0.808436 0.875936 0.046876 0.045624
1 0.176248 0.222812 0.078752 0.066876
0 0.591876 0.450312 0.053748 0.041876
