0 0.031875 0.105312 0.063750 0.059376
0 0.129688 0.500000 0.085624 0.046248
0 0.555624 0.653124 0.068752 0.068752
0 0.856876 0.666248 0.125000 0.095000
0 0.111248 0.314376 0.063752 0.067500
0 0.025937 0.323124 0.051874 0.082500
0 0.041250 0.205936 0.082500 0.055624
0 0.981249 0.095624 0.037502 0.048752
0 0.559064 0.742188 0.043124 0.040624
0 0.835000 0.130312 0.046248 0.044376
0 0.979688 0.586564 0.040624 0.055624
1 0.011249 0.510624 0.022498 0.116252
1 0.622812 0.869064 0.130624 0.119376
1 0.376252 0.490936 0.301252 0.420624
2 0.422812 0.012187 0.054376 0.024374
1 0.005313 0.850312 0.010626 0.066876
1 0.005625 0.754064 0.011250 0.103124
2 0.679376 0.985000 0.088748 0.030000
