0 0.563748 0.414064 0.052500 0.039376
0 0.386252 0.761876 0.055000 0.038748
0 0.595312 0.238748 0.066876 0.062500
0 0.471876 0.656248 0.060000 0.050000
0 0.649376 0.810000 0.046248 0.040000
0 0.919688 0.822500 0.059376 0.038748
0 0.829376 0.886876 0.062500 0.053748
0 0.381564 0.971250 0.085624 0.057500
0 0.112812 0.563124 0.078124 0.065000
1 0.622812 0.069064 0.130624 0.119376
2 0.155000 0.526876 0.095000 0.081252
1 0.005313 0.050312 0.010626 0.066876
2 0.679376 0.213124 0.088748 0.086248
1 0.528124 0.739064 0.121248 0.085624
2 0.052500 0.349376 0.040000 0.052500
1 0.286248 0.467500 0.125000 0.080000
1 0.960936 0.857500 0.068124 0.046248
