0 0.695312 0.512812 0.090624 0.079376
0 0.850000 0.752188 0.081252 0.099376
0 0.811876 0.570000 0.113752 0.082500
0 0.869376 0.870936 0.108748 0.063124
0 0.030937 0.558436 0.061874 0.045624
2 0.317500 0.735936 0.043748 0.043124
0 0.395312 0.537188 0.085624 0.065624
0 0.312812 0.465624 0.068124 0.051248
1 0.517500 0.485000 0.095000 0.082500
1 0.542812 0.599064 0.086876 0.083124
1 0.476876 0.563752 0.051248 0.055000
1 0.891564 0.973124 0.119376 0.053752
0 0.071248 0.033124 0.092500 0.066248
0 0.015937 0.075936 0.031874 0.045624
