0 0.874064 0.025000 0.045624 0.041252
0 0.640936 0.192812 0.034376 0.056876
0 0.807500 0.179376 0.046248 0.082500
0 0.205936 0.667812 0.060624 0.044376
0 0.421252 0.572812 0.062500 0.070624
0 0.492188 0.585624 0.056876 0.055000
0 0.559688 0.661564 0.064376 0.039376
1 0.415312 0.210000 0.151876 0.125000
1 0.613436 0.090312 0.150624 0.130624
1 0.661876 0.565936 0.212500 0.170624
1 0.197812 0.810624 0.075624 0.082500
2 0.851564 0.266564 0.066876 0.091876
2 0.334064 0.973750 0.064376 0.052500
0 0.513124 0.690000 0.068752 0.042500
1 0.211876 0.334376 0.168752 0.143748
2 0.330000 0.397500 0.036248 0.031248
2 0.527188 0.259376 0.091876 0.063752
