0 0.059688 0.666248 0.119376 0.095000
0 0.928436 0.064064 0.053124 0.049376
0 0.870624 0.052812 0.036248 0.059376
0 0.926876 0.143124 0.082500 0.082500
0 0.701564 0.444376 0.065624 0.072500
0 0.680000 0.865312 0.042500 0.039376
1 0.285000 0.930312 0.092500 0.118124
0 0.188436 0.095624 0.051876 0.048752
0 0.035000 0.130312 0.046248 0.044376
0 0.201876 0.586564 0.085000 0.055624
0 0.377188 0.708124 0.059376 0.045000
0 0.506248 0.481564 0.076248 0.064376
0 0.734064 0.745624 0.038124 0.041252
0 0.786564 0.844064 0.046876 0.058124
0 0.683124 0.797812 0.052500 0.070624
0 0.656564 0.636876 0.099376 0.107500
0 0.503436 0.363436 0.094376 0.099376
0 0.985312 0.994688 0.029376 0.010624
