0 0.680000 0.065312 0.042500 0.039376
0 0.336564 0.228124 0.039376 0.042500
1 0.285000 0.130312 0.092500 0.118124
0 0.786564 0.044064 0.046876 0.058124
0 0.683124 0.016562 0.052500 0.033124
0 0.119688 0.822500 0.059376 0.038748
0 0.030313 0.886876 0.060626 0.053748
0 0.985312 0.216564 0.029376 0.054376
1 0.959064 0.450936 0.056876 0.054376
1 0.398124 0.635624 0.082500 0.062500
1 0.742188 0.620624 0.105624 0.092500
2 0.410000 0.496876 0.052500 0.061248
0 0.970625 0.573748 0.058750 0.036248
1 0.160936 0.857500 0.068124 0.046248
