0 0.585000 0.132812 0.047500 0.088124
0 0.482188 0.164064 0.068124 0.048124
0 0.691564 0.540312 0.069376 0.074376
0 0.623752 0.548124 0.030000 0.030000
0 0.090624 0.770000 0.063752 0.058748
0 0.027501 0.592188 0.055002 0.061876
0 0.540312 0.958752 0.088124 0.072500
0 0.782500 0.913752 0.070000 0.040000
1 0.461252 0.551248 0.083752 0.097500
0 0.891876 0.678124 0.117500 0.052500
0 0.833436 0.737812 0.046876 0.048124
0 0.817188 0.527188 0.059376 0.049376
1 0.009688 0.041250 0.019376 0.082500
2 0.941252 0.073436 0.050000 0.045624
1 0.802500 0.435000 0.096252 0.082500
0 0.982188 0.773124 0.035624 0.045000
