0 0.062812 0.408124 0.086876 0.092500
0 0.689688 0.050312 0.109376 0.059376
0 0.309688 0.236876 0.140624 0.137500
1 0.425312 0.325624 0.071876 0.071248
1 0.522188 0.271876 0.131876 0.108748
1 0.197812 0.314376 0.060624 0.047500
1 0.988125 0.704064 0.023750 0.099376
0 0.590000 0.996251 0.042500 0.007498
0 0.238436 0.830936 0.046876 0.048124
2 0.278748 0.940624 0.041252 0.033752
1 0.718436 0.813124 0.166876 0.203748
1 0.332188 0.440000 0.050624 0.041252
1 0.451876 0.108748 0.075000 0.112500
0 0.893436 0.987499 0.034376 0.025002
1 0.809688 0.531252 0.166876 0.142500
0 0.448436 0.007814 0.044376 0.015628
1 0.516248 0.385624 0.091248 0.073748
1 0.145624 0.513436 0.081252 0.085624
2 0.634064 0.005938 0.049376 0.011876
