0 0.080624 0.181876 0.050000 0.043748
0 0.159064 0.244688 0.069376 0.066876
0 0.107500 0.105312 0.068752 0.090624
0 0.892500 0.271564 0.042500 0.055624
0 0.585000 0.932812 0.047500 0.088124
0 0.482188 0.964064 0.068124 0.048124
1 0.880000 0.650312 0.105000 0.099376
1 0.634064 0.608752 0.171876 0.175000
0 0.992499 0.117812 0.015002 0.091876
1 0.346876 0.286876 0.117500 0.087500
1 0.353752 0.143436 0.057500 0.063124
1 0.445312 0.109688 0.064376 0.044376
0 0.525000 0.047812 0.070000 0.075624
1 0.215624 0.151876 0.097500 0.088748
1 0.009688 0.833124 0.019376 0.098752
1 0.490000 0.668748 0.126252 0.111252
1 0.907813 0.491564 0.184374 0.209376
2 0.941252 0.873436 0.050000 0.045624
