0 0.846248 0.977813 0.062500 0.044374
0 0.458436 0.434688 0.073124 0.076876
1 0.836876 0.071876 0.111252 0.078752
0 0.737500 0.329064 0.078752 0.099376
0 0.504376 0.810000 0.123748 0.071248
1 0.355000 0.716252 0.100000 0.113752
2 0.263436 0.805624 0.066876 0.053748
0 0.861564 0.880312 0.094376 0.089376
0 0.925312 0.886876 0.035624 0.036248
0 0.970936 0.864064 0.044376 0.045624
1 0.048749 0.230312 0.097498 0.083124
1 0.176248 0.994687 0.078752 0.010626
0 0.951251 0.209688 0.097498 0.101876
1 0.472812 0.728124 0.125624 0.086248
