0 0.700000 0.839376 0.085000 0.077500
0 0.637500 0.455312 0.098752 0.108124
0 0.540000 0.227188 0.096252 0.084376
0 0.333752 0.478436 0.066252 0.076876
0 0.240312 0.170312 0.069376 0.071876
0 0.431564 0.046876 0.063124 0.047500
1 0.908436 0.178124 0.140624 0.155000
0 0.872188 0.450936 0.048124 0.080624
1 0.949063 0.461876 0.101874 0.110000
1 0.945312 0.715000 0.109376 0.081252
2 0.923748 0.769376 0.036248 0.022500
2 0.576564 0.937500 0.060624 0.057500
2 0.536876 0.900312 0.060000 0.066876
2 0.535624 0.714064 0.060000 0.051876
1 0.279688 0.342500 0.084376 0.066252
1 0.042813 0.551248 0.085626 0.176248
0 0.387188 0.567812 0.044376 0.040624
1 0.356876 0.793124 0.118748 0.105000
0 0.677812 0.973124 0.063124 0.035000
