0 0.045624 0.526248 0.061248 0.053748
0 0.145624 0.292188 0.041252 0.048124
0 0.883124 0.615936 0.041252 0.034376
0 0.801564 0.630936 0.034376 0.031876
2 0.983124 0.602500 0.033752 0.026248
1 0.886252 0.527812 0.111252 0.089376
0 0.972812 0.907188 0.054376 0.041876
0 0.982501 0.949688 0.034998 0.036876
1 0.317500 0.795000 0.087500 0.080000
1 0.046251 0.871876 0.092502 0.078752
1 0.549376 0.945000 0.146248 0.108748
0 0.400000 0.760312 0.077500 0.064376
1 0.584064 0.488752 0.154376 0.176248
0 0.151564 0.979375 0.098124 0.041250
