1 0.700000 0.475312 0.141248 0.099376
0 0.544064 0.239376 0.048124 0.035000
0 0.590000 0.211564 0.042500 0.038124
0 0.238436 0.030936 0.046876 0.048124
2 0.278748 0.140624 0.041252 0.033752
1 0.718436 0.057499 0.166876 0.114998
0 0.050000 0.752188 0.081252 0.099376
0 0.034376 0.570000 0.068752 0.082500
0 0.069376 0.870936 0.108748 0.063124
1 0.962500 0.583436 0.075000 0.129376
1 0.860936 0.496252 0.069376 0.096252
1 0.091564 0.973124 0.119376 0.053752
0 0.395000 0.729064 0.065000 0.048124
0 0.633436 0.835312 0.055624 0.049376
2 0.217188 0.996250 0.069376 0.007500
1 0.390624 0.979375 0.131252 0.041250
0 0.893436 0.190936 0.034376 0.031876
