0 0.676564 0.030311 0.058124 0.060622
0 0.099688 0.765312 0.078124 0.079376
0 0.003437 0.769064 0.006874 0.066876
0 0.079688 0.682812 0.049376 0.051876
0 0.194064 0.751252 0.070624 0.060000
0 0.074064 0.825000 0.045624 0.041252
0 0.033124 0.762812 0.065000 0.070624
0 0.149064 0.653752 0.060624 0.058748
0 0.359064 0.702188 0.078124 0.074376
3 0.911564 0.201876 0.130624 0.122500
0 0.969689 0.026875 0.060622 0.053750
0 0.026874 0.090936 0.053748 0.041876
1 0.638748 0.548124 0.092500 0.126252
0 0.015312 0.969063 0.030624 0.061874
1 0.825936 0.866252 0.234376 0.227500
2 0.609064 0.290624 0.083124 0.068752
