0 0.150312 0.754064 0.091876 0.079376
0 0.969687 0.454688 0.060626 0.065624
0 0.827812 0.905312 0.071876 0.059376
0 0.410000 0.652188 0.052500 0.039376
0 0.712500 0.525312 0.065000 0.069376
0 0.745312 0.024999 0.085624 0.049998
0 0.839688 0.989062 0.085624 0.021876
0 0.040624 0.279688 0.035000 0.039376
0 0.165312 0.349064 0.055624 0.074376
0 0.349064 0.010624 0.065624 0.021248
0 0.461876 0.390312 0.050000 0.045624
0 0.318124 0.270936 0.056252 0.044376
0 0.378436 0.247188 0.064376 0.068124
0 0.451248 0.313436 0.113752 0.079376
1 0.553752 0.239688 0.098752 0.053124
1 0.306248 0.158748 0.110000 0.115000
1 0.577188 0.376564 0.126876 0.141876
2 0.194064 0.064064 0.048124 0.034376
1 0.258124 0.253124 0.058748 0.042500
1 0.504064 0.771564 0.080624 0.061876
