0 0.473436 0.605000 0.064376 0.083752
0 0.441876 0.708124 0.052500 0.053748
0 0.074064 0.025000 0.045624 0.041252
2 0.970312 0.863752 0.059376 0.061248
0 0.328748 0.547500 0.063752 0.080000
0 0.015312 0.179376 0.030624 0.082500
1 0.825936 0.090001 0.234376 0.180002
0 0.671248 0.411564 0.057500 0.048124
2 0.665936 0.446876 0.056876 0.047500
2 0.051564 0.266564 0.066876 0.091876
2 0.433436 0.390624 0.096876 0.097500
1 0.853752 0.619064 0.115000 0.099376
2 0.344376 0.305936 0.047500 0.051876
0 0.258436 0.444688 0.085624 0.084376
