0 0.080624 0.980001 0.050000 0.039998
0 0.107500 0.905312 0.068752 0.090624
0 0.590312 0.203124 0.068124 0.062500
0 0.524688 0.327812 0.054376 0.054376
0 0.493748 0.380312 0.031248 0.025624
0 0.243436 0.186564 0.076876 0.055624
1 0.735624 0.298124 0.148748 0.131252
1 0.727812 0.085624 0.115624 0.090000
1 0.382188 0.024688 0.179376 0.049376
1 0.993125 0.123748 0.013750 0.075000
0 0.992499 0.917812 0.015002 0.091876
1 0.353752 0.943436 0.057500 0.063124
1 0.445312 0.909688 0.064376 0.044376
0 0.525000 0.847812 0.070000 0.075624
1 0.215624 0.951876 0.097500 0.088748
0 0.962188 0.081876 0.045624 0.042500
0 0.698436 0.670312 0.026876 0.031876
0 0.945936 0.566876 0.036876 0.035000
