0 0.692500 0.634688 0.081252 0.068124
0 0.538124 0.749688 0.051248 0.050624
0 0.899688 0.765312 0.078124 0.079376
0 0.772812 0.769064 0.068124 0.066876
0 0.879688 0.682812 0.049376 0.051876
0 0.979376 0.751252 0.041248 0.060000
0 0.874064 0.825000 0.045624 0.041252
0 0.833124 0.762812 0.065000 0.070624
0 0.949064 0.653752 0.060624 0.058748
0 0.823748 0.090936 0.060000 0.041876
0 0.640936 0.982187 0.034376 0.035626
0 0.807500 0.969063 0.046248 0.061874
1 0.415312 0.973750 0.151876 0.052500
1 0.613436 0.890312 0.150624 0.130624
