3 0.353752 0.042812 0.123748 0.085624
0 0.590000 0.520000 0.061248 0.062500
0 0.746876 0.678436 0.092500 0.078124
0 0.844376 0.222500 0.051248 0.060000
0 0.918436 0.317812 0.053124 0.056876
1 0.602812 0.625312 0.104376 0.090624
0 0.049064 0.631876 0.046876 0.062500
0 0.036876 0.539064 0.062500 0.053124
0 0.780624 0.166876 0.042500 0.045000
3 0.024999 0.721876 0.049998 0.170000
2 0.258124 0.664376 0.080000 0.070000
2 0.985001 0.424064 0.029998 0.038124
2 0.993125 0.465000 0.013750 0.063752
1 0.975938 0.302812 0.048124 0.065624
