0 0.541876 0.287500 0.068752 0.056252
0 0.864688 0.506564 0.081876 0.068124
0 0.046248 0.977813 0.062500 0.044374
1 0.250000 0.520624 0.087500 0.098752
0 0.972812 0.107188 0.054376 0.041876
0 0.982501 0.149688 0.034998 0.036876
1 0.419064 0.499688 0.178124 0.169376
1 0.317500 0.017500 0.087500 0.035000
1 0.046251 0.071876 0.092502 0.078752
0 0.061564 0.880312 0.094376 0.089376
0 0.125312 0.886876 0.035624 0.036248
0 0.170936 0.864064 0.044376 0.045624
1 0.549376 0.145000 0.146248 0.108748
0 0.241564 0.403436 0.048124 0.061876
0 0.151564 0.209688 0.098124 0.101876
