0 0.328436 0.064064 0.053124 0.049376
0 0.270624 0.052812 0.036248 0.059376
0 0.326876 0.143124 0.082500 0.082500
0 0.101564 0.444376 0.065624 0.072500
0 0.617812 0.493436 0.085624 0.059376
0 0.080000 0.865312 0.042500 0.039376
0 0.134064 0.745624 0.038124 0.041252
0 0.186564 0.844064 0.046876 0.058124
0 0.083124 0.797812 0.052500 0.070624
0 0.056564 0.636876 0.099376 0.107500
0 0.395624 0.994688 0.050000 0.010624
1 0.463124 0.291252 0.111252 0.103748
1 0.544688 0.380936 0.123124 0.100624
1 0.482500 0.525312 0.175000 0.110624
1 0.512812 0.713124 0.141876 0.135000
0 0.706876 0.005312 0.108748 0.010624
