0 0.015938 0.086876 0.031876 0.057500
0 0.020313 0.145312 0.040626 0.054376
0 0.216252 0.342188 0.110000 0.146876
0 0.137500 0.537812 0.063752 0.061876
0 0.126876 0.718124 0.107500 0.123748
0 0.098436 0.975000 0.074376 0.050000
0 0.987500 0.365624 0.025000 0.086248
0 0.728752 0.630936 0.136252 0.065624
1 0.181248 0.093438 0.260000 0.186876
1 0.931563 0.099062 0.136874 0.198124
1 0.929999 0.471248 0.140002 0.160000
1 0.443436 0.944688 0.103124 0.110624
1 0.650936 0.955313 0.191876 0.089374
0 0.782500 0.511252 0.130000 0.071248
