0 0.908748 0.145312 0.148748 0.103124
0 0.051564 0.015312 0.065624 0.030624
0 0.786876 0.761564 0.038748 0.036876
0 0.827188 0.763436 0.043124 0.036876
0 0.420936 0.875312 0.084376 0.074376
0 0.205000 0.690312 0.066252 0.063124
0 0.691252 0.047188 0.090000 0.053124
0 0.833436 0.051252 0.055624 0.071248
1 0.412188 0.258124 0.188124 0.146248
1 0.306876 0.337500 0.213748 0.190000
1 0.458752 0.983437 0.237500 0.033126
1 0.264064 0.708436 0.101876 0.066876
1 0.345624 0.670936 0.110000 0.105624
0 0.623436 0.447812 0.075624 0.108124
1 0.455936 0.058749 0.155624 0.117498
