0 0.336406 0.299531 0.023125 0.014687
0 0.370469 0.336875 0.015625 0.012500
0 0.371641 0.349531 0.011094 0.007500
0 0.372031 0.359922 0.010313 0.011094
0 0.365938 0.401406 0.020938 0.011875
0 0.371250 0.391172 0.010313 0.013906
0 0.458203 0.328281 0.017031 0.015938
0 0.620156 0.445469 0.012500 0.010937
0 0.639766 0.461172 0.017344 0.016719
0 0.626875 0.426328 0.017188 0.022656
0 0.747578 0.250781 0.017031 0.015625
0 0.731172 0.281953 0.013594 0.013594
0 0.723437 0.295078 0.007812 0.006406
0 0.660859 0.246641 0.019219 0.013906
0 0.823125 0.467891 0.010625 0.013906
0 0.746250 0.633203 0.011875 0.022031
0 0.720547 0.641016 0.017031 0.012031
0 0.772891 0.735078 0.017344 0.018594
0 0.755938 0.737031 0.007500 0.007500
0 0.622656 0.792500 0.015938 0.014687
0 0.604688 0.748047 0.018125 0.015469
0 0.566875 0.894922 0.018125 0.011406
0 0.536406 0.867500 0.028125 0.018437
0 0.433750 0.907031 0.017500 0.012812
0 0.735078 0.839688 0.022031 0.018125
0 0.795625 0.828438 0.017500 0.010000
0 0.382969 0.862187 0.010313 0.012188
0 0.375000 0.809844 0.021250 0.019375
0 0.359375 0.713828 0.024688 0.027031
0 0.335000 0.656797 0.024063 0.021094
0 0.343203 0.574531 0.013906 0.017188
0 0.283438 0.719609 0.016563 0.019219
0 0.260078 0.642578 0.017344 0.017969
0 0.307891 0.611719 0.015781 0.011875
0 0.435234 0.576172 0.026406 0.022031
0 0.500703 0.563828 0.029219 0.019219
0 0.540391 0.583359 0.018281 0.024531
0 0.496563 0.600938 0.010625 0.009687
1 0.783906 0.274531 0.037187 0.032813
1 0.781953 0.221406 0.028906 0.022500
1 0.695547 0.192969 0.044844 0.038750
1 0.855703 0.230937 0.018281 0.018750
1 0.820000 0.562578 0.026250 0.024844
1 0.758516 0.552188 0.042969 0.043750
1 0.715313 0.737812 0.020938 0.024375
0 0.822969 0.769531 0.029375 0.013125
0 0.808359 0.784453 0.011719 0.012031
0 0.804297 0.731797 0.014844 0.012344
0 0.885547 0.678984 0.015781 0.014219
0 0.946641 0.472422 0.013906 0.011719
0 0.856484 0.429453 0.020469 0.022969
2 0.496641 0.381328 0.009531 0.010156
1 0.527422 0.149766 0.038906 0.028281
1 0.532188 0.096328 0.039375 0.027344
1 0.494297 0.068828 0.027031 0.019219
2 0.571406 0.121172 0.019062 0.014531
1 0.555312 0.124688 0.014375 0.014687
0 0.226875 0.356563 0.017500 0.015000
0 0.168516 0.324219 0.013906 0.015625
0 0.257266 0.382031 0.010469 0.007812
1 0.307969 0.379453 0.018125 0.019844
1 0.293984 0.357500 0.016406 0.012500
1 0.313750 0.355547 0.020313 0.022969
0 0.278594 0.478281 0.028125 0.022187
0 0.312109 0.485000 0.021406 0.014375
1 0.686719 0.471719 0.029375 0.021875
1 0.688438 0.435859 0.014375 0.015781
1 0.711328 0.427422 0.016094 0.011094
0 0.731250 0.411953 0.017500 0.018906
1 0.653906 0.437969 0.024375 0.022187
1 0.427109 0.644531 0.035156 0.038750
1 0.558438 0.635000 0.036875 0.045625
1 0.594063 0.608281 0.021562 0.024688
1 0.465156 0.559766 0.015938 0.014844
0 0.553672 0.691406 0.016406 0.013437
0 0.418047 0.712734 0.012031 0.020156
1 0.440547 0.715469 0.032031 0.027500
1 0.436406 0.778750 0.027500 0.020313
2 0.430937 0.792344 0.009062 0.005625
2 0.344141 0.834375 0.015156 0.014375
2 0.334219 0.825078 0.015000 0.016719
2 0.362734 0.857109 0.011719 0.012031
2 0.353672 0.863437 0.013594 0.014375
0 0.458047 0.871328 0.012344 0.008281
0 0.471641 0.824453 0.010156 0.011094
0 0.113828 0.653828 0.021094 0.014219
1 0.131953 0.711406 0.030781 0.024063
0 0.182344 0.819141 0.015625 0.017969
1 0.292969 0.511875 0.021875 0.018125
0 0.487969 0.173516 0.039062 0.015156
0 0.383359 0.088203 0.012969 0.008281
0 0.337734 0.076484 0.011406 0.012344
0 0.534531 0.057344 0.007812 0.006875
0 0.639297 0.133516 0.013906 0.012656
0 0.840547 0.220469 0.011406 0.010625
0 0.774609 0.367578 0.006719 0.007969
0 0.836484 0.341719 0.009219 0.008750
0 0.945625 0.579219 0.017812 0.020000
0 0.915547 0.567891 0.012969 0.011406
1 0.722500 0.567187 0.031563 0.027813
1 0.840469 0.522891 0.073125 0.052344
2 0.835313 0.618359 0.012500 0.011406
0 0.891406 0.701719 0.019062 0.012500
0 0.887656 0.720391 0.018125 0.020156
1 0.800625 0.708750 0.024063 0.020625
0 0.848047 0.793281 0.013906 0.011250
1 0.350938 0.455625 0.033125 0.026250
2 0.333906 0.778516 0.015000 0.012969
1 0.269922 0.685625 0.021094 0.016563
1 0.233437 0.142422 0.022812 0.011719
1 0.206563 0.737812 0.029687 0.044062
0 0.296797 0.741953 0.011094 0.010156
1 0.289219 0.798281 0.029687 0.026250
0 0.369453 0.843281 0.015781 0.008750
