0 0.469141 0.313672 0.027344 0.015469
0 0.473125 0.188750 0.015938 0.014687
0 0.369141 0.205937 0.014531 0.018437
0 0.567500 0.151953 0.017812 0.014531
0 0.344453 0.116250 0.009844 0.007500
0 0.347891 0.133594 0.019531 0.013750
0 0.376953 0.127266 0.009531 0.011719
0 0.542969 0.079531 0.009375 0.010000
0 0.602344 0.224219 0.013437 0.015938
0 0.531172 0.209844 0.014531 0.011250
0 0.758437 0.261641 0.013125 0.017031
1 0.849141 0.326875 0.040469 0.031563
3 0.688438 0.401562 0.030937 0.039688
0 0.706484 0.386016 0.013281 0.017656
0 0.173125 0.358672 0.020313 0.017031
0 0.134531 0.387422 0.012812 0.012656
0 0.224922 0.391328 0.019531 0.019844
0 0.193203 0.392266 0.017031 0.016719
0 0.219922 0.370703 0.012344 0.012969
0 0.248516 0.387813 0.017656 0.015000
0 0.318359 0.551250 0.016094 0.020938
0 0.310469 0.577031 0.013125 0.013437
0 0.147422 0.660391 0.019219 0.016719
0 0.684844 0.739688 0.018750 0.012188
0 0.603750 0.811172 0.021250 0.021406
0 0.558516 0.817656 0.017031 0.016875
0 0.418672 0.884922 0.017656 0.014844
0 0.554531 0.897891 0.013125 0.013281
0 0.218516 0.406250 0.011406 0.010313
0 0.208281 0.390703 0.016250 0.017656
0 0.237266 0.363438 0.015156 0.014687
0 0.289766 0.375547 0.019531 0.018594
3 0.427891 0.250469 0.032656 0.030625
0 0.444063 0.204922 0.018437 0.017031
1 0.687813 0.187578 0.073750 0.062656
1 0.581406 0.123359 0.039688 0.037344
1 0.511250 0.074688 0.041250 0.040000
0 0.528672 0.048750 0.013906 0.012500
0 0.205937 0.222734 0.015000 0.010469
1 0.359687 0.337031 0.023125 0.031563
0 0.747500 0.530000 0.015312 0.015625
0 0.786719 0.569609 0.023125 0.019531
0 0.811094 0.455625 0.012812 0.015000
0 0.829609 0.479453 0.013281 0.014219
1 0.750703 0.556328 0.026094 0.022656
0 0.612266 0.557969 0.011719 0.015625
0 0.609219 0.534766 0.015625 0.013281
2 0.446953 0.615938 0.023594 0.015312
0 0.297344 0.682578 0.012188 0.012969
0 0.282187 0.536875 0.015938 0.020000
0 0.160234 0.448203 0.008594 0.014219
0 0.201875 0.444844 0.011562 0.020625
0 0.051484 0.566953 0.015156 0.011094
0 0.105313 0.543203 0.015625 0.017656
0 0.123047 0.546406 0.014219 0.013750
0 0.139922 0.565391 0.016094 0.009844
0 0.194688 0.748125 0.017500 0.010937
0 0.307031 0.768594 0.019375 0.021250
0 0.905234 0.502500 0.012656 0.009687
1 0.478906 0.590703 0.038125 0.031719
1 0.519844 0.591641 0.029063 0.035469
1 0.406484 0.416563 0.058594 0.056875
1 0.103828 0.452500 0.037969 0.031250
1 0.153359 0.422578 0.037656 0.032656
1 0.165469 0.541484 0.053125 0.042656
1 0.049453 0.602656 0.018906 0.020625
1 0.469141 0.760156 0.082656 0.070625
1 0.751641 0.778438 0.024531 0.023125
1 0.420859 0.941250 0.037656 0.023125
0 0.331797 0.811094 0.021719 0.020625
0 0.221094 0.823672 0.010937 0.005469
0 0.795156 0.441719 0.010625 0.011250
0 0.864297 0.459453 0.019219 0.019219
0 0.767578 0.185469 0.017969 0.015000
0 0.709922 0.226094 0.017031 0.013125
0 0.585469 0.091406 0.009375 0.009375
2 0.352266 0.272656 0.020781 0.017188
0 0.367812 0.502891 0.014375 0.012031
2 0.366484 0.511719 0.014219 0.011875
2 0.212891 0.466641 0.016719 0.022969
2 0.308359 0.497656 0.024219 0.024375
1 0.413438 0.554766 0.028750 0.024844
0 0.470625 0.638672 0.018125 0.022969
2 0.412500 0.666719 0.021250 0.013125
3 0.589609 0.580469 0.045781 0.042500
2 0.664531 0.566094 0.020000 0.017500
1 0.321562 0.685781 0.020938 0.020000
1 0.187188 0.664531 0.035625 0.024688
2 0.083516 0.645469 0.016094 0.017188
0 0.407266 0.774141 0.017969 0.031094
0 0.575937 0.830313 0.020000 0.022812
1 0.612031 0.842422 0.038125 0.032344
0 0.664297 0.875859 0.010781 0.013594
1 0.622188 0.883594 0.059687 0.050000
1 0.870938 0.548359 0.022500 0.020156
1 0.886250 0.505156 0.027813 0.026562
2 0.915000 0.465234 0.017500 0.009531
1 0.910078 0.443594 0.028906 0.022812
2 0.847891 0.506016 0.010781 0.009531
2 0.858750 0.516250 0.024375 0.015938
1 0.848047 0.475703 0.020156 0.016406
1 0.631641 0.238359 0.032031 0.024219
2 0.286094 0.476484 0.011875 0.012969
0 0.264609 0.511172 0.021406 0.021094
1 0.491875 0.429844 0.047188 0.038750
1 0.546172 0.443437 0.029531 0.020938
1 0.586328 0.701719 0.046094 0.036875
1 0.388828 0.903281 0.025469 0.018437
0 0.317422 0.840703 0.022969 0.018906
0 0.128281 0.572500 0.017188 0.010625
1 0.052969 0.483594 0.042188 0.035937
2 0.082500 0.499375 0.009062 0.007812
2 0.131797 0.464844 0.022969 0.015938
1 0.372500 0.098672 0.028750 0.022969
0 0.619219 0.107266 0.013125 0.009844
1 0.926953 0.543203 0.046719 0.038594
