0 0.182109 0.376328 0.027031 0.026406
0 0.237578 0.388516 0.022969 0.019844
0 0.362109 0.188672 0.018906 0.014844
0 0.446406 0.313672 0.023125 0.016406
0 0.246562 0.140156 0.019688 0.018125
0 0.425000 0.125781 0.019688 0.017188
0 0.406953 0.426328 0.017969 0.014844
0 0.540937 0.309609 0.019688 0.016406
0 0.256484 0.538984 0.022969 0.014844
0 0.289766 0.555469 0.013906 0.027813
0 0.302500 0.363047 0.013125 0.009844
0 0.378125 0.331328 0.016250 0.017344
0 0.386328 0.203437 0.021406 0.018125
0 0.674219 0.320234 0.018125 0.013281
0 0.709141 0.354844 0.018906 0.013125
0 0.432422 0.525000 0.021406 0.011562
0 0.538906 0.563281 0.017188 0.017188
0 0.614219 0.566562 0.031250 0.023750
0 0.817266 0.323984 0.027969 0.020469
0 0.832109 0.416016 0.013281 0.012344
0 0.817656 0.413203 0.009062 0.014844
0 0.831719 0.435781 0.020625 0.020625
0 0.775391 0.511094 0.016406 0.018125
0 0.904453 0.523359 0.021406 0.014844
0 0.770000 0.616328 0.010625 0.009844
0 0.684141 0.657031 0.009844 0.010625
0 0.540937 0.703516 0.013125 0.009844
0 0.374844 0.736406 0.013125 0.013125
0 0.496563 0.790469 0.013750 0.009687
0 0.548828 0.659687 0.016719 0.015625
0 0.330313 0.608594 0.035625 0.043125
1 0.671250 0.632578 0.023125 0.029531
0 0.427812 0.478594 0.015938 0.016875
0 0.401953 0.480781 0.022031 0.020625
0 0.409922 0.451484 0.021406 0.013906
0 0.647109 0.423906 0.012969 0.012188
0 0.517969 0.764062 0.015000 0.012500
0 0.539766 0.585547 0.010781 0.010156
0 0.608750 0.432578 0.011562 0.011094
0 0.210156 0.269922 0.008750 0.009844
0 0.241328 0.287266 0.013906 0.018594
0 0.287266 0.191562 0.016406 0.027500
0 0.650469 0.546641 0.021250 0.013906
0 0.694297 0.577031 0.014844 0.011250
0 0.726562 0.520391 0.019062 0.016094
0 0.783516 0.586406 0.009531 0.010313
0 0.796641 0.611016 0.011719 0.014531
0 0.770781 0.599453 0.013125 0.017656
0 0.764141 0.559219 0.024844 0.026875
0 0.725859 0.490859 0.023594 0.024844
0 0.562344 0.802500 0.011562 0.010000
0 0.629922 0.805625 0.014844 0.009687
0 0.607344 0.821719 0.015625 0.013437
0 0.495391 0.849844 0.021406 0.028438
0 0.848906 0.654141 0.012500 0.013594
1 0.839766 0.712734 0.014219 0.013594
0 0.131562 0.486094 0.028750 0.017500
0 0.124297 0.521719 0.020469 0.024063
0 0.168594 0.615625 0.018437 0.021562
0 0.086250 0.644609 0.015938 0.014531
0 0.123750 0.754766 0.012500 0.014531
0 0.303438 0.850859 0.019688 0.015469
0 0.322266 0.816797 0.011719 0.012656
0 0.330078 0.833828 0.017344 0.018594
0 0.340547 0.893672 0.007031 0.007344
0 0.315469 0.297578 0.012500 0.011406
0 0.279531 0.267734 0.014063 0.011094
0 0.127500 0.296328 0.008438 0.008906
0 0.128906 0.234922 0.020000 0.012969
0 0.168672 0.794609 0.015781 0.017344
0 0.757656 0.312500 0.046562 0.016250
0 0.294609 0.261797 0.016094 0.017031
0 0.312812 0.278359 0.028438 0.019844
0 0.398594 0.133516 0.016563 0.021406
0 0.539766 0.099844 0.027031 0.028438
0 0.506563 0.101172 0.025937 0.014844
0 0.707891 0.106484 0.020156 0.011406
0 0.894766 0.271562 0.011094 0.013125
0 0.394922 0.099062 0.032031 0.025625
0 0.428203 0.740781 0.019531 0.016250
1 0.390156 0.527656 0.030937 0.029063
1 0.242500 0.184531 0.036250 0.029375
1 0.554375 0.351484 0.022812 0.022969
1 0.065625 0.369063 0.026250 0.018125
0 0.101719 0.515312 0.020313 0.020000
1 0.195078 0.636953 0.021719 0.024531
1 0.331172 0.737969 0.027969 0.024063
1 0.412969 0.927266 0.034688 0.029844
1 0.555703 0.617266 0.032656 0.029844
1 0.529297 0.142734 0.028906 0.024844
1 0.375937 0.117578 0.020938 0.014219
1 0.764375 0.227266 0.044062 0.053281
1 0.745625 0.292266 0.023750 0.029531
1 0.872578 0.380469 0.032031 0.036562
1 0.865781 0.472813 0.027813 0.025937
1 0.886172 0.495234 0.030781 0.025156
1 0.870625 0.531328 0.043750 0.027656
1 0.878203 0.578281 0.035469 0.033750
1 0.699531 0.758906 0.020625 0.015625
1 0.785547 0.755156 0.026406 0.023125
1 0.553438 0.910859 0.047813 0.041094
1 0.372969 0.638750 0.038437 0.033750
1 0.494063 0.522734 0.075313 0.105156
2 0.522500 0.393281 0.015000 0.012188
2 0.505703 0.399062 0.013594 0.014063
2 0.438750 0.731719 0.023750 0.020313
1 0.390469 0.612578 0.024375 0.016719
2 0.363438 0.486172 0.016563 0.015469
1 0.093594 0.593047 0.026562 0.027656
1 0.157734 0.582109 0.066094 0.043281
0 0.273984 0.753047 0.011719 0.011094
2 0.702500 0.724219 0.013125 0.015312
0 0.843750 0.743437 0.016875 0.009062
2 0.866172 0.747969 0.017656 0.018125
0 0.926719 0.393984 0.027187 0.017344
1 0.338438 0.259922 0.024688 0.013281
1 0.391875 0.588516 0.021875 0.025781
2 0.569844 0.653281 0.022187 0.021562
1 0.532031 0.784766 0.030312 0.021406
2 0.413125 0.687344 0.010000 0.013125
1 0.276562 0.239687 0.027500 0.028750
1 0.344297 0.294141 0.031719 0.035469
1 0.729453 0.192109 0.037344 0.035156
1 0.467891 0.368359 0.042969 0.025156
1 0.522500 0.182422 0.041563 0.035156
1 0.549687 0.245703 0.015625 0.020156
1 0.608984 0.278984 0.050781 0.028594
1 0.268672 0.175469 0.013281 0.012500
2 0.248516 0.216016 0.012031 0.008594
1 0.264531 0.263281 0.014687 0.010625
2 0.168359 0.318281 0.011406 0.004687
1 0.326016 0.392891 0.020156 0.015469
1 0.471562 0.716875 0.031250 0.020000
1 0.640234 0.814375 0.017031 0.011562
