0 0.411406 0.131562 0.015312 0.013437
0 0.436406 0.073047 0.010313 0.012031
2 0.295234 0.173516 0.014219 0.016406
0 0.535469 0.271875 0.017188 0.014063
0 0.616172 0.326641 0.020469 0.017031
0 0.692187 0.280547 0.020938 0.016406
0 0.768125 0.231016 0.014687 0.017969
0 0.786016 0.217812 0.018594 0.014375
0 0.817969 0.267656 0.013125 0.010937
0 0.779297 0.152500 0.014219 0.012188
0 0.620781 0.153984 0.010313 0.008594
0 0.600391 0.157734 0.008594 0.007969
2 0.647109 0.150625 0.011094 0.006562
0 0.660234 0.105938 0.016719 0.011875
0 0.692344 0.385547 0.033125 0.021719
0 0.755000 0.367188 0.013125 0.008125
0 0.615703 0.502031 0.021719 0.023125
0 0.492812 0.521875 0.021875 0.008438
0 0.411562 0.447344 0.015625 0.016875
1 0.462500 0.330156 0.021875 0.024688
1 0.621563 0.131953 0.027813 0.022344
0 0.645000 0.226797 0.017188 0.010469
0 0.647266 0.237422 0.012031 0.009219
0 0.692656 0.170313 0.013125 0.013125
0 0.314609 0.308672 0.018281 0.019219
0 0.057344 0.421719 0.022187 0.018125
0 0.053281 0.462969 0.009687 0.006875
0 0.044687 0.445547 0.019375 0.026406
1 0.098594 0.450781 0.022812 0.037812
2 0.140703 0.318125 0.010469 0.006875
0 0.684844 0.181094 0.006875 0.005938
0 0.727266 0.288281 0.021719 0.016250
0 0.727656 0.303750 0.029375 0.014375
0 0.772422 0.412578 0.027344 0.014844
0 0.677422 0.459219 0.035156 0.034375
1 0.706328 0.481406 0.017969 0.017812
1 0.730547 0.467969 0.032969 0.027187
1 0.649453 0.478594 0.015156 0.011875
1 0.504766 0.324922 0.044531 0.042344
1 0.479375 0.198750 0.021875 0.020000
1 0.409219 0.217969 0.027813 0.019688
0 0.384375 0.282266 0.019688 0.024844
0 0.326094 0.402500 0.030937 0.017812
1 0.288750 0.379063 0.025000 0.028438
2 0.265859 0.401406 0.016719 0.013437
1 0.307422 0.492812 0.012969 0.014063
1 0.318047 0.502031 0.016094 0.015312
0 0.415391 0.420078 0.023594 0.022344
0 0.431328 0.421719 0.008906 0.009062
0 0.442734 0.416016 0.011094 0.011406
0 0.297500 0.575781 0.042188 0.015625
0 0.381016 0.617969 0.029844 0.023750
1 0.322031 0.657031 0.021250 0.021562
1 0.369609 0.663359 0.027031 0.029844
1 0.309063 0.632734 0.044687 0.031719
1 0.279687 0.660156 0.012500 0.009062
0 0.195391 0.704844 0.013906 0.014375
0 0.210859 0.782344 0.017656 0.013125
0 0.210234 0.769922 0.015469 0.011406
0 0.155938 0.693750 0.024063 0.015000
1 0.862578 0.301250 0.027656 0.023750
1 0.857969 0.576016 0.027813 0.024844
1 0.867266 0.554453 0.040469 0.030156
1 0.775000 0.718828 0.035312 0.024844
0 0.736016 0.659844 0.012031 0.008750
0 0.747500 0.652891 0.010625 0.009531
0 0.659609 0.607734 0.011719 0.012031
2 0.669687 0.635156 0.010313 0.008438
1 0.779609 0.603281 0.041719 0.050937
1 0.683047 0.510000 0.012656 0.010313
1 0.712969 0.427187 0.018750 0.028125
1 0.210234 0.257578 0.028281 0.020781
0 0.573828 0.728203 0.022656 0.019844
0 0.612500 0.788047 0.020313 0.024844
0 0.602969 0.742500 0.028438 0.020625
0 0.617344 0.817734 0.027187 0.015781
0 0.679453 0.868750 0.010469 0.009687
0 0.573281 0.886953 0.018125 0.022344
0 0.590000 0.875938 0.015000 0.015312
0 0.435781 0.907188 0.018437 0.011875
0 0.269766 0.832891 0.014531 0.017031
0 0.285078 0.856016 0.025781 0.018281
2 0.372969 0.798203 0.018125 0.012969
0 0.406484 0.739609 0.017969 0.011406
2 0.479375 0.783984 0.010937 0.010781
0 0.498828 0.734297 0.021406 0.016406
0 0.478203 0.716406 0.017031 0.012812
1 0.529375 0.721250 0.023750 0.020625
1 0.535703 0.749766 0.021719 0.020781
1 0.519219 0.740938 0.012812 0.013750
1 0.848828 0.745859 0.035156 0.032344
1 0.815234 0.724063 0.017344 0.024063
1 0.622891 0.846562 0.029844 0.020000
0 0.698750 0.782266 0.016250 0.012031
0 0.758359 0.808828 0.013906 0.012344
2 0.332813 0.870078 0.012812 0.011406
0 0.213047 0.852344 0.022031 0.010625
2 0.654297 0.856953 0.017344 0.017656
0 0.417812 0.605781 0.023125 0.021562
0 0.402109 0.618984 0.011719 0.011406
0 0.170547 0.477891 0.017969 0.014219
1 0.244062 0.455703 0.019688 0.016719
1 0.537344 0.236250 0.036562 0.027187
1 0.825469 0.235391 0.014687 0.013281
1 0.312578 0.779844 0.027031 0.018750
1 0.697656 0.852500 0.032813 0.025625
0 0.881797 0.695078 0.016094 0.015156
0 0.823359 0.647734 0.008594 0.007969
0 0.895469 0.582187 0.014375 0.015312
0 0.907734 0.568750 0.012969 0.008438
1 0.802422 0.532813 0.041719 0.035625
0 0.712109 0.400313 0.011094 0.007188
0 0.500000 0.190078 0.019375 0.016094
1 0.546016 0.122188 0.038594 0.044062
0 0.460391 0.300859 0.012031 0.015469
0 0.437891 0.252422 0.024531 0.025469
1 0.784062 0.314297 0.030000 0.019531
1 0.912031 0.483906 0.021562 0.018437
1 0.729062 0.496406 0.022812 0.018437
1 0.636406 0.528359 0.020313 0.021406
0 0.097734 0.609766 0.017969 0.010469
2 0.718437 0.875625 0.008750 0.009375
1 0.570000 0.916328 0.026250 0.017969
0 0.347969 0.512578 0.013437 0.010469
1 0.318203 0.382031 0.031406 0.021562
2 0.758516 0.397266 0.012344 0.011406
