0 0.344062 0.092109 0.018750 0.017969
0 0.405391 0.087188 0.011094 0.009687
0 0.395625 0.093594 0.011562 0.006875
0 0.397344 0.101797 0.009062 0.008594
0 0.455937 0.080312 0.035937 0.026250
1 0.446172 0.054688 0.023594 0.014063
1 0.678828 0.187578 0.066406 0.058594
1 0.612891 0.209531 0.057969 0.055000
1 0.799766 0.234063 0.036094 0.033125
0 0.438984 0.162344 0.021719 0.017500
0 0.197969 0.221719 0.020000 0.014375
0 0.199922 0.236328 0.020469 0.013594
0 0.254063 0.285547 0.027500 0.036719
0 0.234375 0.334453 0.015938 0.015469
0 0.231719 0.379531 0.026875 0.030937
0 0.224609 0.446875 0.018594 0.018750
0 0.096719 0.347656 0.030937 0.024688
0 0.456172 0.291406 0.024844 0.021562
0 0.479922 0.294531 0.025781 0.019688
0 0.565469 0.269141 0.021875 0.022344
0 0.657109 0.308281 0.026719 0.013437
0 0.766406 0.362891 0.024688 0.025781
0 0.827187 0.436328 0.037187 0.025781
0 0.877578 0.443828 0.010781 0.009531
0 0.925312 0.457266 0.013437 0.015469
0 0.612891 0.401484 0.016406 0.012344
0 0.796719 0.590391 0.009687 0.009219
0 0.806797 0.590859 0.010781 0.009219
0 0.900391 0.687891 0.021719 0.016719
0 0.705234 0.618828 0.021094 0.018594
0 0.651250 0.572578 0.016563 0.015781
0 0.357031 0.564219 0.033125 0.030312
0 0.254688 0.504141 0.027187 0.017656
0 0.113672 0.478516 0.020469 0.015781
0 0.113203 0.495781 0.017031 0.017500
0 0.082187 0.582344 0.020938 0.013750
0 0.056484 0.590859 0.026719 0.020156
0 0.315625 0.744844 0.021250 0.013750
0 0.276484 0.762734 0.019531 0.025156
0 0.535156 0.755156 0.017812 0.015625
0 0.772813 0.411797 0.022500 0.013281
0 0.808359 0.412813 0.013906 0.017812
0 0.794297 0.711172 0.017969 0.013906
0 0.783203 0.791328 0.015781 0.017969
0 0.638984 0.804688 0.026406 0.026250
0 0.581250 0.860547 0.021562 0.022656
0 0.682187 0.823281 0.031250 0.016563
0 0.195781 0.614609 0.050313 0.030156
0 0.081016 0.520625 0.034531 0.030625
0 0.382188 0.357734 0.034063 0.016406
1 0.245312 0.220391 0.065000 0.052656
1 0.444063 0.224609 0.056563 0.049844
1 0.637656 0.329297 0.042188 0.036094
1 0.703047 0.464531 0.047031 0.036562
1 0.676719 0.484375 0.053437 0.047500
1 0.714688 0.666953 0.059375 0.050469
0 0.597734 0.702031 0.026406 0.017812
1 0.729453 0.788906 0.042344 0.038750
1 0.482422 0.862656 0.062344 0.054688
1 0.288203 0.797891 0.029219 0.023281
1 0.317188 0.468203 0.038125 0.032969
1 0.381250 0.462969 0.044375 0.022187
0 0.396484 0.474141 0.022969 0.017031
1 0.442812 0.317812 0.055625 0.040000
1 0.543984 0.311563 0.052031 0.049063
1 0.525000 0.341328 0.034375 0.022969
1 0.310859 0.436563 0.025781 0.028438
1 0.297891 0.618281 0.016094 0.019688
0 0.680312 0.723906 0.033125 0.025625
0 0.803047 0.736016 0.043906 0.027344
1 0.367500 0.502891 0.046250 0.037344
1 0.666016 0.577109 0.025469 0.016719
1 0.686406 0.567734 0.027500 0.026406
2 0.187188 0.469687 0.011250 0.013750
2 0.130938 0.447734 0.015625 0.007031
2 0.149609 0.514609 0.019531 0.009219
1 0.120859 0.531484 0.032969 0.027031
2 0.326016 0.635547 0.008906 0.013594
1 0.444922 0.670781 0.021094 0.024063
0 0.755859 0.511953 0.018906 0.027031
1 0.713984 0.412734 0.038906 0.033281
1 0.362734 0.442422 0.047969 0.029531
0 0.395625 0.327813 0.032500 0.017812
0 0.229922 0.180781 0.018906 0.022812
0 0.890703 0.370781 0.017969 0.021875
0 0.523984 0.630781 0.023594 0.018125
