0 0.316484 0.725547 0.033594 0.042656
0 0.402891 0.736484 0.025156 0.035469
0 0.580313 0.767969 0.023750 0.017500
0 0.560859 0.769922 0.018281 0.014219
1 0.275547 0.223906 0.032656 0.027500
2 0.376875 0.285391 0.018125 0.013906
0 0.444844 0.389219 0.040938 0.035625
1 0.515312 0.534766 0.031875 0.034844
1 0.678203 0.496016 0.024219 0.019219
1 0.730000 0.584688 0.047500 0.046562
1 0.767813 0.639531 0.025937 0.021250
2 0.872422 0.576562 0.019844 0.019375
1 0.753047 0.267266 0.014531 0.017656
1 0.393672 0.361875 0.064219 0.056563
1 0.382422 0.235547 0.039844 0.035469
1 0.358281 0.520469 0.024375 0.019688
2 0.175469 0.623125 0.018750 0.021562
1 0.598750 0.872344 0.045000 0.029375
1 0.656953 0.822812 0.065469 0.042500
1 0.537656 0.591875 0.057500 0.049375
1 0.301250 0.843672 0.025625 0.019844
