0 0.308984 0.144609 0.025156 0.018906
0 0.271484 0.219062 0.057031 0.040000
0 0.367500 0.328125 0.011875 0.009375
0 0.368203 0.337656 0.011719 0.008438
0 0.529922 0.752344 0.018281 0.018750
2 0.408281 0.852266 0.023125 0.018281
0 0.827109 0.719531 0.024219 0.010937
2 0.460938 0.343125 0.016875 0.014375
2 0.340156 0.285625 0.022500 0.016875
1 0.261719 0.307422 0.025937 0.026719
1 0.863359 0.287500 0.069219 0.070000
1 0.655937 0.469844 0.031563 0.025937
1 0.569375 0.454219 0.044375 0.031250
1 0.480000 0.430391 0.044062 0.033281
3 0.490703 0.688984 0.065156 0.061406
1 0.596797 0.662266 0.065156 0.056719
1 0.456797 0.758828 0.051094 0.040469
1 0.071406 0.616875 0.050937 0.040000
1 0.094687 0.662109 0.029687 0.024219
0 0.217422 0.583125 0.012969 0.008750
2 0.084062 0.584141 0.022187 0.020156
1 0.132891 0.558438 0.021406 0.016875
2 0.586797 0.407813 0.017969 0.018437
1 0.825859 0.732422 0.022969 0.015781
3 0.234531 0.485703 0.034688 0.030781
0 0.085000 0.491953 0.007812 0.007656
0 0.374453 0.604922 0.011094 0.006094
2 0.280000 0.283203 0.031250 0.017344
1 0.438203 0.556875 0.044844 0.035937
1 0.429844 0.640234 0.056250 0.051719
2 0.828906 0.375625 0.018437 0.015312
