1 0.268047 0.461484 0.067656 0.052344
1 0.298281 0.378047 0.026562 0.018594
1 0.186250 0.294766 0.032188 0.028281
1 0.214688 0.260703 0.030312 0.028281
1 0.191406 0.240625 0.032188 0.037812
1 0.661953 0.177578 0.051719 0.047031
1 0.625547 0.165625 0.030156 0.025313
2 0.582187 0.128281 0.014687 0.014687
1 0.806562 0.316094 0.025625 0.026562
0 0.598984 0.257734 0.034219 0.024531
0 0.769297 0.359297 0.032344 0.019219
1 0.916875 0.481797 0.036562 0.047344
1 0.888828 0.470625 0.022344 0.019688
1 0.928047 0.526094 0.019531 0.017500
1 0.822656 0.561406 0.015000 0.015312
1 0.819453 0.590469 0.015469 0.014063
0 0.609141 0.676641 0.019531 0.021719
0 0.648047 0.650625 0.011719 0.012188
1 0.702891 0.453828 0.041094 0.037656
1 0.740234 0.371563 0.019219 0.015000
1 0.596562 0.322891 0.048750 0.030781
1 0.454375 0.328828 0.037187 0.036406
1 0.230391 0.523516 0.044844 0.033906
1 0.288047 0.562891 0.062031 0.059844
1 0.569375 0.761875 0.059062 0.057500
2 0.527266 0.835078 0.027656 0.019219
1 0.300078 0.798359 0.032344 0.021719
1 0.317344 0.876484 0.044375 0.042344
1 0.282734 0.687969 0.065781 0.045625
0 0.370781 0.683594 0.020938 0.023125
1 0.127578 0.602187 0.020781 0.015000
1 0.121797 0.583906 0.028281 0.022500
2 0.053984 0.607734 0.016406 0.013594
1 0.807656 0.804453 0.033438 0.027969
1 0.350078 0.502500 0.029844 0.023125
2 0.348984 0.434844 0.021719 0.020625
1 0.355156 0.414141 0.031250 0.019844
1 0.257578 0.341094 0.034844 0.040000
2 0.392734 0.223906 0.021719 0.022187
0 0.481094 0.077969 0.016875 0.011875
2 0.634062 0.068203 0.017500 0.013281
1 0.594219 0.413750 0.025000 0.025625
