0 0.593125 0.260313 0.031250 0.027500
0 0.765938 0.359766 0.031875 0.022656
3 0.122031 0.586172 0.075000 0.055156
0 0.606016 0.676641 0.023281 0.022969
2 0.523281 0.834453 0.024375 0.018594
1 0.562656 0.762969 0.051250 0.041563
0 0.363672 0.682969 0.023594 0.023438
1 0.347187 0.503125 0.060937 0.055938
1 0.590703 0.415000 0.074219 0.061562
1 0.701875 0.455391 0.058750 0.058594
1 0.594297 0.323125 0.055781 0.046875
1 0.630234 0.168594 0.053281 0.047813
2 0.578672 0.128438 0.025156 0.024375
2 0.390469 0.224297 0.019062 0.020156
1 0.294922 0.379375 0.051406 0.045312
1 0.252969 0.340000 0.029063 0.033750
1 0.263828 0.462969 0.048906 0.040938
1 0.283750 0.688594 0.059687 0.043750
2 0.816562 0.589766 0.018750 0.018594
2 0.818281 0.562344 0.022500 0.020625
1 0.879766 0.467266 0.064844 0.069844
1 0.917188 0.483516 0.039375 0.044531
2 0.803828 0.803516 0.033906 0.032656
1 0.286641 0.562031 0.069219 0.065625
1 0.226797 0.524453 0.064844 0.050781
2 0.806484 0.315234 0.028906 0.032656
1 0.737578 0.372422 0.022031 0.014531
1 0.186484 0.293750 0.054531 0.059062
1 0.200391 0.243906 0.055781 0.047813
1 0.471719 0.325313 0.092188 0.060937
1 0.315156 0.875469 0.043125 0.039062
2 0.926875 0.525469 0.027500 0.022812
1 0.056094 0.608359 0.040938 0.047031
