3 0.437500 0.307734 0.064062 0.067656
0 0.698281 0.406641 0.022500 0.020156
1 0.804141 0.199609 0.067656 0.060156
1 0.408203 0.108203 0.082656 0.065469
1 0.311172 0.457500 0.074531 0.062812
1 0.229219 0.462578 0.058750 0.053594
1 0.146563 0.434375 0.071563 0.057500
2 0.095859 0.402578 0.028281 0.027969
0 0.263437 0.580859 0.029063 0.034531
1 0.169531 0.618594 0.083437 0.076875
1 0.346797 0.773906 0.048594 0.045937
1 0.357969 0.577109 0.033438 0.065469
1 0.365703 0.506797 0.029219 0.029844
1 0.310312 0.565078 0.058438 0.047969
3 0.685625 0.693828 0.053437 0.044219
1 0.746875 0.789844 0.046562 0.053437
1 0.647969 0.798125 0.071250 0.069062
2 0.691094 0.764609 0.026562 0.022656
1 0.591875 0.732344 0.062187 0.058125
0 0.465781 0.651406 0.020000 0.018750
1 0.675625 0.513437 0.085625 0.079062
2 0.593125 0.399766 0.023438 0.019219
2 0.652422 0.338281 0.022656 0.018437
2 0.633750 0.342891 0.019375 0.017344
2 0.578516 0.658516 0.037344 0.028906
2 0.791406 0.678047 0.017500 0.016094
1 0.499219 0.880625 0.063125 0.052500
2 0.331953 0.638281 0.027656 0.021562
1 0.646016 0.283828 0.052344 0.044531
0 0.302344 0.177109 0.012188 0.013906
1 0.440312 0.050156 0.024688 0.013125
2 0.550703 0.098359 0.028906 0.020781
1 0.931328 0.431172 0.062344 0.057031
2 0.517031 0.553438 0.011250 0.011875
0 0.186016 0.502031 0.010156 0.010625
2 0.119766 0.492656 0.020156 0.015625
