0 0.131250 0.466015 0.059375 0.110155
0 0.022656 0.505080 0.045312 0.060155
0 0.264455 0.964453 0.086720 0.071095
0 0.179690 0.983203 0.037500 0.033595
1 0.500000 0.112890 0.131250 0.124220
1 0.192580 0.085158 0.214845 0.170315
1 0.014455 0.964061 0.028910 0.071878
0 0.421485 0.958985 0.074220 0.061720
0 0.827735 0.694920 0.078905 0.071095
0 0.972656 0.139455 0.054688 0.057030
1 0.045704 0.135935 0.091408 0.139065
1 0.602345 0.022657 0.365625 0.045315
2 0.576565 0.391795 0.062500 0.057030
0 0.857030 0.808595 0.095310 0.062500
0 0.838280 0.901955 0.090625 0.100780
1 0.403125 0.843750 0.120315 0.103125
