0 0.137500 0.850000 0.076560 0.078125
0 0.455470 0.478125 0.064060 0.075000
0 0.548045 0.597265 0.066405 0.071095
1 0.153515 0.962500 0.130470 0.075000
0 0.926170 0.712500 0.063280 0.048435
0 0.375780 0.408595 0.053125 0.056250
0 0.721485 0.497265 0.096095 0.096095
1 0.754690 0.941795 0.112500 0.100780
1 0.831250 0.725780 0.139065 0.132810
2 0.965625 0.526170 0.068750 0.047655
1 0.939063 0.417970 0.121875 0.114060
2 0.639455 0.730080 0.053905 0.047655
2 0.693750 0.781250 0.121875 0.079690
1 0.640235 0.578515 0.100780 0.082030
1 0.958984 0.909765 0.082032 0.180470
