0 0.065625 0.193360 0.101565 0.085155
0 0.324610 0.356640 0.097655 0.099220
0 0.166015 0.361330 0.085155 0.083595
0 0.299610 0.253515 0.061720 0.064845
0 0.442580 0.339065 0.088280 0.075000
0 0.292580 0.431250 0.057030 0.051565
0 0.241405 0.353515 0.081250 0.088280
0 0.386330 0.217190 0.075780 0.073435
0 0.648830 0.277735 0.097655 0.092970
1 0.970311 0.085155 0.059378 0.157815
0 0.011327 0.641015 0.022655 0.071095
0 0.209375 0.624220 0.057810 0.103125
1 0.030467 0.512890 0.060935 0.163280
2 0.264455 0.733205 0.083595 0.114845
2 0.741795 0.888280 0.121095 0.121875
2 0.630470 0.782420 0.059375 0.064845
0 0.523045 0.951562 0.107030 0.096875
