0 0.994531 0.710935 0.010937 0.060940
0 0.960938 0.449220 0.078125 0.096875
0 0.896875 0.018359 0.123440 0.036718
0 0.517190 0.023046 0.082815 0.046093
2 0.820705 0.571875 0.075780 0.071875
2 0.771095 0.525390 0.075000 0.083595
2 0.913670 0.685545 0.058595 0.060155
2 0.868360 0.717185 0.067970 0.071875
0 0.025391 0.495705 0.050783 0.089845
2 0.769530 0.292580 0.075000 0.064845
1 0.132815 0.099608 0.148435 0.199215
0 0.583985 0.109765 0.055470 0.050780
1 0.546095 0.391405 0.148435 0.131250
0 0.947265 0.616405 0.078905 0.043750
