0 0.224610 0.156640 0.097655 0.099220
0 0.066015 0.161330 0.085155 0.083595
0 0.199610 0.053515 0.061720 0.064845
0 0.342580 0.139065 0.088280 0.075000
0 0.691795 0.951953 0.080470 0.096095
0 0.192580 0.231250 0.057030 0.051565
0 0.141405 0.153515 0.081250 0.088280
0 0.286330 0.026954 0.075780 0.053908
0 0.548830 0.077735 0.097655 0.092970
0 0.510935 0.884375 0.079690 0.100000
0 0.109375 0.424220 0.057810 0.103125
1 0.030079 0.900390 0.060158 0.199220
0 0.939060 0.714455 0.071875 0.060155
2 0.932420 0.758595 0.071095 0.059375
2 0.164455 0.533205 0.083595 0.114845
2 0.641795 0.688280 0.121095 0.121875
2 0.530470 0.582420 0.059375 0.064845
0 0.423045 0.755860 0.107030 0.105470
