0 0.261720 0.327735 0.165625 0.108595
0 0.575000 0.235940 0.065625 0.040625
0 0.662110 0.462890 0.136720 0.074220
0 0.187110 0.696095 0.175780 0.171875
1 0.331640 0.807030 0.089845 0.089060
1 0.452735 0.739845 0.164845 0.135935
1 0.047265 0.792970 0.075780 0.059375
1 0.215235 0.950000 0.063280 0.051565
1 0.364845 0.535935 0.093750 0.140625
1 0.812110 0.987501 0.208595 0.024998
0 0.360545 0.401565 0.055470 0.035940
1 0.720310 0.010156 0.150000 0.020313
1 0.445310 0.882030 0.114060 0.092185
2 0.592580 0.386330 0.061720 0.057030
