0 0.039061 0.957812 0.078122 0.084375
0 0.910545 0.043360 0.094530 0.074220
0 0.612500 0.915235 0.065625 0.049220
0 0.975000 0.756640 0.050000 0.086720
0 0.989062 0.117185 0.021875 0.090625
0 0.150780 0.449610 0.043750 0.049220
0 0.306640 0.536330 0.069530 0.092970
0 0.536330 0.063280 0.082030 0.126560
0 0.677345 0.587890 0.062500 0.057030
0 0.497655 0.438670 0.070315 0.055470
0 0.573045 0.408985 0.080470 0.085155
0 0.664060 0.491795 0.142190 0.099220
1 0.312500 0.048046 0.181250 0.096092
1 0.792190 0.399610 0.123440 0.066405
1 0.482810 0.298435 0.137500 0.143750
1 0.821485 0.570705 0.158595 0.177345
1 0.443360 0.004298 0.066405 0.008595
2 0.342580 0.180080 0.060155 0.042970
1 0.422655 0.416405 0.073435 0.053125
