0 0.894530 0.116405 0.085940 0.085940
0 0.904685 0.817580 0.065625 0.049220
0 0.074220 0.974609 0.065625 0.050783
0 0.944140 0.598435 0.083595 0.078125
0 0.898830 0.227735 0.053905 0.050780
0 0.341015 0.981640 0.097655 0.036720
1 0.948438 0.386330 0.103125 0.149220
1 0.080469 0.493750 0.160938 0.168750
1 0.670315 0.088280 0.376565 0.176560
2 0.393750 0.953906 0.118750 0.092188
1 0.152345 0.362890 0.121875 0.083595
1 0.159375 0.242580 0.109375 0.128905
2 0.265625 0.736720 0.050000 0.065625
1 0.557810 0.884375 0.156250 0.100000
