0 0.994531 0.874610 0.010937 0.057030
0 0.882030 0.737500 0.140625 0.092185
0 0.368750 0.935155 0.087500 0.064060
0 0.114845 0.710935 0.051565 0.060940
0 0.075000 0.449220 0.106250 0.096875
0 0.029297 0.018359 0.058595 0.036718
0 0.290235 0.007030 0.060155 0.014060
1 0.402735 0.023047 0.160155 0.046095
1 0.382030 0.293750 0.137500 0.101565
2 0.354685 0.361720 0.045310 0.028125
2 0.021484 0.685545 0.042967 0.060155
0 0.490235 0.756640 0.061720 0.041405
0 0.558205 0.522265 0.050780 0.055470
0 0.047265 0.616405 0.078905 0.043750
