0 0.981640 0.143360 0.036720 0.074220
0 0.712500 0.995313 0.065625 0.009375
0 0.250780 0.549610 0.043750 0.049220
0 0.406640 0.636330 0.069530 0.092970
0 0.636330 0.157810 0.082030 0.137500
0 0.777345 0.687890 0.062500 0.057030
0 0.597655 0.538670 0.070315 0.055470
0 0.673045 0.508985 0.080470 0.085155
0 0.764060 0.591795 0.142190 0.099220
1 0.412500 0.122655 0.181250 0.146875
1 0.892190 0.499610 0.123440 0.066405
1 0.582810 0.398435 0.137500 0.143750
1 0.921094 0.670705 0.157812 0.177345
1 0.543360 0.077345 0.066405 0.062500
2 0.442580 0.280080 0.060155 0.042970
1 0.522655 0.516405 0.073435 0.053125
2 0.041795 0.791405 0.057030 0.023435
