0 0.169140 0.045312 0.113280 0.090625
0 0.362500 0.340235 0.101565 0.124220
0 0.314845 0.112500 0.142190 0.103125
0 0.386720 0.488670 0.135935 0.078905
0 0.697265 0.743750 0.052345 0.048435
0 0.166405 0.834765 0.090625 0.111720
0 0.250000 0.779690 0.075000 0.076560
1 0.016406 0.148830 0.032813 0.103905
1 0.414455 0.632810 0.149220 0.100000
0 0.793750 0.311330 0.081250 0.060155
2 0.571485 0.684765 0.086720 0.088280
1 0.788280 0.662500 0.164065 0.128125
2 0.892185 0.778125 0.043750 0.046875
1 0.150000 0.968359 0.131250 0.063282
